1, 50, 10, 0, 10, 0
2, 50, 24, 2, 16, 0
3, 50, 18, 20, 14, 3
4, 50, 40, 0, 22, 0
5, 50, 18, 38, 16, 0
6, 50, 18, 8, 8, 0
7, 50, 20, 12, 14, 0
8, 50, 28, 0, 8, 0
9, 50, 20, 16, 8, 0
10, 50, 20, 16, 16, 0
11, 50, 22, 6, 8, 0
12, 50, 18, 6, 2, 0
13, 50, 22, 8, 12, 0
14, 50, 20, 14, 12, 0
15, 50, 16, 12, 8, 0
16, 50, 12, 12, 8, 0
17, 50, 22, 2, 12, 0
18, 50, 18, 18, 14, 0
19, 50, 40, 0, 22, 0
20, 50, 18, 38, 16, 0
21, 50, 18, 8, 8, 0
22, 50, 20, 12, 14, 0
23, 50, 28, 0, 8, 0
24, 50, 20, 16, 8, 0
25, 50, 20, 16, 16, 0
26, 50, 22, 6, 8, 0
27, 50, 18, 6, 2, 0
28, 50, 22, 8, 12, 0
29, 50, 20, 14, 12, 0
30, 50, 16, 12, 8, 0
31, 50, 12, 12, 8, 0
32, 50, 22, 2, 12, 0
33, 50, 18, 18, 14, 0
34, 50, 40, 0, 22, 0
35, 50, 18, 38, 16, 0
36, 50, 18, 8, 8, 0
37, 50, 20, 12, 14, 0
38, 50, 28, 0, 8, 0
39, 50, 20, 16, 8, 0
40, 50, 20, 16, 16, 0
41, 50, 22, 6, 8, 0
42, 50, 18, 6, 2, 0
43, 50, 22, 8, 12, 0
44, 50, 20, 14, 12, 0
45, 50, 16, 12, 8, 0
46, 50, 12, 12, 8, 0
47, 50, 22, 2, 12, 0
48, 50, 18, 18, 14, 0
49, 50, 40, 0, 22, 0
50, 50, 18, 38, 16, 0
51, 50, 18, 8, 8, 0
52, 50, 20, 12, 14, 0
53, 50, 28, 0, 8, 0
54, 50, 20, 16, 8, 0
55, 50, 20, 16, 16, 0
56, 50, 22, 6, 8, 0
57, 50, 18, 6, 2, 0
58, 50, 22, 8, 12, 0
59, 50, 20, 14, 12, 0
60, 50, 16, 12, 8, 0
61, 50, 12, 12, 8, 0
62, 50, 22, 2, 12, 0
63, 50, 18, 18, 14, 0
64, 50, 40, 0, 22, 0
65, 50, 18, 38, 16, 0
66, 50, 18, 8, 8, 0
67, 50, 20, 12, 14, 0
68, 50, 28, 0, 8, 0
69, 50, 20, 16, 8, 0
70, 50, 20, 16, 16, 0
71, 50, 22, 6, 8, 0
72, 50, 18, 6, 2, 0
73, 50, 22, 8, 12, 0
74, 50, 20, 14, 12, 0
75, 50, 16, 12, 8, 0
76, 50, 12, 12, 8, 0
77, 50, 22, 2, 12, 0
78, 50, 18, 18, 14, 0
79, 50, 40, 0, 22, 0
80, 50, 18, 38, 16, 0
81, 50, 18, 8, 8, 0
82, 50, 20, 12, 14, 0
83, 50, 28, 0, 8, 0
84, 50, 20, 16, 8, 0
85, 50, 20, 16, 16, 0
86, 50, 22, 6, 8, 0
87, 50, 18, 6, 2, 0
88, 50, 22, 8, 12, 0
89, 50, 20, 14, 12, 0
90, 50, 16, 12, 8, 0
91, 50, 12, 12, 8, 0
92, 50, 22, 2, 12, 0
93, 50, 18, 18, 14, 0
94, 50, 40, 0, 22, 0
95, 50, 18, 38, 16, 0
96, 50, 18, 8, 8, 0
97, 50, 20, 12, 14, 0
98, 50, 28, 0, 8, 0
99, 50, 20, 16, 8, 0
100, 50, 20, 16, 16, 0
101, 50, 22, 6, 8, 0
102, 50, 18, 6, 2, 0
103, 50, 22, 8, 12, 0
104, 50, 20, 14, 12, 0
105, 50, 16, 12, 8, 0
106, 50, 12, 12, 8, 0
107, 50, 22, 2, 12, 0
108, 50, 18, 18, 14, 0
109, 50, 40, 0, 22, 0
110, 50, 18, 38, 16, 0
111, 50, 18, 8, 8, 0
112, 50, 20, 12, 14, 0
113, 50, 28, 0, 8, 0
114, 50, 20, 16, 8, 0
115, 50, 20, 16, 16, 0
116, 50, 22, 6, 8, 0
117, 50, 18, 6, 2, 0
118, 50, 22, 8, 12, 0
119, 50, 20, 14, 12, 0
120, 50, 16, 12, 8, 0
121, 50, 12, 12, 8, 0
122, 50, 22, 2, 12, 0
123, 50, 18, 18, 14, 0
124, 50, 40, 0, 22, 0
125, 50, 18, 38, 16, 0
126, 50, 18, 8, 8, 0
127, 50, 20, 12, 14, 0
128, 50, 28, 0, 8, 0
129, 50, 20, 16, 8, 0
130, 50, 20, 16, 16, 0
131, 50, 22, 6, 8, 0
132, 50, 18, 6, 2, 0
133, 50, 22, 8, 12, 0
134, 50, 20, 14, 12, 0
135, 50, 16, 12, 8, 0
136, 50, 12, 12, 8, 0
137, 50, 22, 2, 12, 0
138, 50, 18, 18, 14, 0
139, 50, 40, 0, 22, 0
140, 50, 18, 38, 16, 0
141, 50, 18, 8, 8, 0
142, 50, 20, 12, 14, 0
143, 50, 28, 0, 8, 0
144, 50, 20, 16, 8, 0
145, 50, 20, 16, 16, 0
146, 50, 22, 6, 8, 0
147, 50, 18, 6, 2, 0
148, 50, 22, 8, 12, 0
149, 50, 20, 14, 12, 0
150, 50, 16, 12, 8, 0
151, 50, 12, 12, 8, 0
152, 50, 22, 2, 12, 0
153, 50, 18, 18, 14, 0
154, 50, 40, 0, 22, 0
155, 50, 18, 38, 16, 0
156, 50, 18, 8, 8, 0
157, 50, 20, 12, 14, 0
158, 50, 28, 0, 8, 0
159, 50, 20, 16, 8, 0
160, 50, 20, 16, 16, 0
161, 50, 22, 6, 8, 0
162, 50, 18, 6, 2, 0
163, 50, 22, 8, 12, 0
164, 50, 20, 14, 12, 0
165, 50, 16, 12, 8, 0
166, 50, 12, 12, 8, 0
167, 50, 22, 2, 12, 0
168, 50, 18, 18, 14, 0
169, 50, 40, 0, 22, 0
170, 50, 18, 38, 16, 0
171, 50, 18, 8, 8, 0
172, 50, 20, 12, 14, 0
173, 50, 28, 0, 8, 0
174, 50, 20, 16, 8, 0
175, 50, 20, 16, 16, 0
176, 50, 22, 6, 8, 0
177, 50, 18, 6, 2, 0
178, 50, 22, 8, 12, 0
179, 50, 20, 14, 12, 0
180, 50, 16, 12, 8, 0
181, 50, 12, 12, 8, 0
182, 50, 22, 2, 12, 0
183, 50, 18, 18, 14, 0
184, 50, 40, 0, 22, 0
185, 50, 18, 38, 16, 0
186, 50, 18, 8, 8, 0
187, 50, 20, 12, 14, 0
188, 50, 28, 0, 8, 0
189, 50, 20, 16, 8, 0
190, 50, 20, 16, 16, 0
191, 50, 22, 6, 8, 0
192, 50, 18, 6, 2, 0
193, 50, 22, 8, 12, 0
194, 50, 20, 14, 12, 0
195, 50, 16, 12, 8, 0
196, 50, 12, 12, 8, 0
197, 50, 22, 2, 12, 0
198, 50, 18, 18, 14, 0
199, 50, 40, 0, 22, 0
200, 50, 18, 38, 16, 0
201, 50, 18, 8, 8, 0
202, 50, 20, 12, 14, 0
203, 50, 28, 0, 8, 0
204, 50, 20, 16, 8, 0
205, 50, 20, 16, 16, 0
206, 50, 22, 6, 8, 0
207, 50, 18, 6, 2, 0
208, 50, 22, 8, 12, 0
209, 50, 20, 14, 12, 0
210, 50, 16, 12, 8, 0
211, 50, 12, 12, 8, 0
212, 50, 22, 2, 12, 0
213, 50, 18, 18, 14, 0
214, 50, 40, 0, 22, 0
215, 50, 18, 38, 16, 0
216, 50, 18, 8, 8, 0
217, 50, 20, 12, 14, 0
218, 50, 28, 0, 8, 0
219, 50, 20, 16, 8, 0
220, 50, 20, 16, 16, 0
221, 50, 22, 6, 8, 0
222, 50, 18, 6, 2, 0
223, 50, 22, 8, 12, 0
224, 50, 20, 14, 12, 0
225, 50, 16, 12, 8, 0
226, 50, 12, 12, 8, 0
227, 50, 22, 2, 12, 0
228, 50, 18, 18, 14, 0
229, 50, 40, 0, 22, 0
230, 50, 18, 38, 16, 0
231, 50, 18, 8, 8, 0
232, 50, 20, 12, 14, 0
233, 50, 28, 0, 8, 0
234, 50, 20, 16, 8, 0
235, 50, 20, 16, 16, 0
236, 50, 22, 6, 8, 0
237, 50, 18, 6, 2, 0
238, 50, 22, 8, 12, 0
239, 50, 20, 14, 12, 0
240, 50, 16, 12, 8, 0
241, 50, 12, 12, 8, 0
242, 50, 22, 2, 12, 0
243, 50, 18, 18, 14, 0
244, 50, 40, 0, 22, 0
245, 50, 18, 38, 16, 0
246, 50, 18, 8, 8, 0
247, 50, 20, 12, 14, 0
248, 50, 28, 0, 8, 0
